Uniform subset test
10,6000,2.505700
10,11000,2.496600
10,16000,2.523600
10,21000,2.501500
10,26000,2.519800
10,31000,2.488900
10,36000,2.520500
10,41000,2.523300
10,46000,2.508400
10,51000,2.544500
10,56000,2.515300
10,61000,2.501300
10,66000,2.523900
10,71000,2.532100
10,76000,2.499500
10,81000,2.528300
10,86000,2.516500
10,91000,2.561900
10,96000,2.523900
10,101000,2.516700
10,106000,2.541700
10,111000,2.548500
10,116000,2.528200
10,121000,2.501200
10,126000,2.533800
10,131000,2.525400
10,136000,2.515900
10,141000,2.526400
10,146000,2.557000
10,151000,2.522200
10,156000,2.562200
10,161000,2.536700
10,166000,2.516300
10,171000,2.545500
10,176000,2.514900
10,181000,2.522400
10,186000,2.500000
10,191000,2.529000
10,196000,2.508800
10,201000,2.515900
10,206000,2.516900
10,211000,2.512200
10,216000,2.518000
10,221000,2.572500
10,226000,2.542800
10,231000,2.533200
10,236000,2.487800
10,241000,2.525000
10,246000,2.547400
10,251000,2.513200
10,256000,2.519100
10,261000,2.562700
10,266000,2.506200
10,271000,2.537300
10,276000,2.547900
10,281000,2.532900
10,286000,2.522600
10,291000,2.510300
10,296000,2.559700
10,301000,2.547200
10,306000,2.518300
10,311000,2.560200
10,316000,2.597400
10,321000,2.516700
10,326000,2.531500
10,331000,2.526500
10,336000,2.526200
10,341000,2.494000
10,346000,2.512200
10,351000,2.550200
10,356000,2.539600
10,361000,2.551900
10,366000,2.533000
10,371000,2.569400
10,376000,2.530600
10,381000,2.578500
10,386000,2.545900
10,391000,2.521700
10,396000,2.534200
10,401000,2.521200
10,406000,2.515800
10,411000,2.513200
10,416000,2.538000
10,421000,2.532800
10,426000,2.532700
10,431000,2.536200
10,436000,2.566800
10,441000,2.515500
10,446000,2.564500
10,451000,2.577900
10,456000,2.534600
10,461000,2.548900
10,466000,2.545200
10,471000,2.532000
10,476000,2.522700
10,481000,2.523900
10,486000,2.537500
10,491000,2.531300
10,496000,2.532600
10,501000,2.525200
10,506000,2.505500
10,511000,2.541400
10,516000,2.591100
10,521000,2.513300
10,526000,2.522000
10,531000,2.517300
10,536000,2.532000
10,541000,2.522100
10,546000,2.534200
10,551000,2.526800
10,556000,2.521200
10,561000,2.532400
10,566000,2.503500
10,571000,2.548700
10,576000,2.541500
10,581000,2.509300
10,586000,2.564000
10,591000,2.543200
10,596000,2.536300
10,601000,2.552200
10,606000,2.508900
10,611000,2.540700
10,616000,2.541600
10,621000,2.540800
10,626000,2.525000
10,631000,2.540200
10,636000,2.534800
10,641000,2.559800
10,646000,2.538700
10,651000,2.544100
10,656000,2.578700
10,661000,2.540900
10,666000,2.522100
10,671000,2.583600
10,676000,2.562200
10,681000,2.556400
10,686000,2.588400
10,691000,2.510900
10,696000,2.539500
10,701000,2.594700
10,706000,2.513400
10,711000,2.528300
10,716000,2.577600
10,721000,2.542600
10,726000,2.525200
10,731000,2.587600
10,736000,2.524000
10,741000,2.551500
10,746000,2.510800
10,751000,2.532700
10,756000,2.517700
10,761000,2.554300
10,766000,2.606000
10,771000,2.506500
10,776000,2.512800
10,781000,2.538400
10,786000,2.535500
10,791000,2.543100
10,796000,2.551400
10,801000,2.527400
10,806000,2.556000
10,811000,2.532400
10,816000,2.556600
10,821000,2.555200
10,826000,2.534400
10,831000,2.523400
10,836000,2.655100
10,841000,2.542200
10,846000,2.542600
10,851000,2.537400
10,856000,2.539000
10,861000,2.517700
10,866000,2.526900
10,871000,2.551600
10,876000,2.878400
10,881000,2.529000
10,886000,2.526000
10,891000,2.515300
10,896000,2.566800
10,901000,2.566800
10,906000,2.546300
10,911000,2.512300
10,916000,2.510900
10,921000,2.539600
10,926000,2.546000
10,931000,2.526000
10,936000,2.526800
10,941000,2.533300
10,946000,2.574500
10,951000,2.529200
10,956000,2.557200
10,961000,2.610600
10,966000,2.533200
10,971000,2.546000
10,976000,2.514600
10,981000,2.536100
10,986000,2.557000
10,991000,2.554000
10,996000,2.510200
100,6000,6.719250
100,11000,6.697430
100,16000,6.710820
100,21000,6.704040
100,26000,6.708780
100,31000,6.703500
100,36000,6.712520
100,41000,6.709830
100,46000,6.710680
100,51000,6.718620
100,56000,6.717880
100,61000,6.708230
100,66000,6.710040
100,71000,6.706550
100,76000,6.712790
100,81000,6.717560
100,86000,6.705380
100,91000,6.719870
100,96000,6.719540
100,101000,6.701030
100,106000,6.705660
100,111000,6.705680
100,116000,6.712240
100,121000,6.710810
100,126000,6.710320
100,131000,6.713360
100,136000,6.716260
100,141000,6.717550
100,146000,6.721510
100,151000,6.713340
100,156000,6.714320
100,161000,6.713080
100,166000,6.720070
100,171000,6.720850
100,176000,6.713950
100,181000,6.701440
100,186000,6.717090
100,191000,6.722420
100,196000,6.701660
100,201000,6.711500
100,206000,6.712910
100,211000,6.718350
100,216000,6.713060
100,221000,6.719690
100,226000,6.721030
100,231000,6.719060
100,236000,6.703330
100,241000,6.721850
100,246000,6.714340
100,251000,6.720480
100,256000,6.725570
100,261000,6.723810
100,266000,6.716480
100,271000,6.718700
100,276000,6.727320
100,281000,6.718860
100,286000,6.707040
100,291000,6.714330
100,296000,6.710310
100,301000,6.703840
100,306000,6.729620
100,311000,6.716670
100,316000,6.718620
100,321000,6.730310
100,326000,6.714970
100,331000,6.717290
100,336000,6.733960
100,341000,6.731450
100,346000,6.714010
100,351000,6.734560
100,356000,6.724940
100,361000,6.712470
100,366000,6.707700
100,371000,6.717180
100,376000,6.721440
100,381000,6.718740
100,386000,6.719900
100,391000,6.709410
100,396000,6.703590
100,401000,6.726690
100,406000,6.714390
100,411000,6.722570
100,416000,6.726700
100,421000,6.719430
100,426000,6.706790
100,431000,6.714800
100,436000,6.723940
100,441000,6.717900
100,446000,6.717720
100,451000,6.729250
100,456000,6.722870
100,461000,6.722410
100,466000,6.725060
100,471000,6.727520
100,476000,6.738420
100,481000,6.715700
100,486000,6.720080
100,491000,6.720310
100,496000,6.734100
100,501000,6.729830
100,506000,6.732120
100,511000,6.719880
100,516000,6.724690
100,521000,6.721520
100,526000,6.715080
100,531000,6.727520
100,536000,6.711250
100,541000,6.726870
100,546000,6.720560
100,551000,6.716290
100,556000,6.734020
100,561000,6.714000
100,566000,6.716270
100,571000,6.722090
100,576000,6.724380
100,581000,6.734720
100,586000,6.718550
100,591000,6.715990
100,596000,6.721570
100,601000,6.726810
100,606000,6.711680
100,611000,6.719170
100,616000,6.722130
100,621000,6.723320
100,626000,6.712960
100,631000,6.721650
100,636000,6.723900
100,641000,6.709870
100,646000,6.740480
100,651000,6.724480
100,656000,6.719640
100,661000,6.725430
100,666000,6.716170
100,671000,6.713840
100,676000,6.714790
100,681000,6.723510
100,686000,6.726540
100,691000,6.714960
100,696000,6.732880
100,701000,6.714460
100,706000,6.719950
100,711000,6.723420
100,716000,6.733540
100,721000,6.718190
100,726000,6.729780
100,731000,6.713580
100,736000,6.715240
100,741000,6.722130
100,746000,6.724150
100,751000,6.718680
100,756000,6.730910
100,761000,6.743550
100,766000,6.736380
100,771000,6.729810
100,776000,6.724050
100,781000,6.726480
100,786000,6.721460
100,791000,6.708410
100,796000,6.724430
100,801000,6.715610
100,806000,6.722450
100,811000,6.769110
100,816000,6.740140
100,821000,6.729790
100,826000,6.721870
100,831000,6.730160
100,836000,6.719770
100,841000,6.725480
100,846000,6.715510
100,851000,6.717270
100,856000,6.719430
100,861000,6.700350
100,866000,6.713420
100,871000,6.729860
100,876000,6.720000
100,881000,6.709580
100,886000,6.717230
100,891000,6.728260
100,896000,6.703180
100,901000,6.724750
100,906000,6.723230
100,911000,6.732300
100,916000,6.715000
100,921000,6.719770
100,926000,6.723060
100,931000,6.717490
100,936000,6.732290
100,941000,6.722530
100,946000,6.731560
100,951000,6.737660
100,956000,6.735980
100,961000,6.735030
100,966000,6.732530
100,971000,6.713540
100,976000,6.713660
100,981000,6.717720
100,986000,6.737620
100,991000,6.729040
100,996000,6.716830
1000,6000,11.417850
1000,11000,11.435040
1000,16000,11.451250
1000,21000,11.472060
1000,26000,11.461220
1000,31000,11.457210
1000,36000,11.480370
1000,41000,11.464680
1000,46000,11.473750
1000,51000,11.485580
1000,56000,11.483020
1000,61000,11.492340
1000,66000,11.478020
1000,71000,11.500020
1000,76000,11.479680
1000,81000,11.503640
1000,86000,11.500700
1000,91000,11.489880
1000,96000,11.499700
1000,101000,11.489480
1000,106000,11.488980
1000,111000,11.491440
1000,116000,11.502940
1000,121000,11.496760
1000,126000,11.520090
1000,131000,11.493700
1000,136000,11.509940
1000,141000,11.510590
1000,146000,11.514250
1000,151000,11.511220
1000,156000,11.501690
1000,161000,11.518320
1000,166000,11.503970
1000,171000,11.526100
1000,176000,11.518020
1000,181000,11.512270
1000,186000,11.517100
1000,191000,11.515100
1000,196000,11.525210
1000,201000,11.498660
1000,206000,11.514800
1000,211000,11.527930
1000,216000,11.506200
1000,221000,11.511380
1000,226000,11.509800
1000,231000,11.506790
1000,236000,11.502620
1000,241000,11.512900
1000,246000,11.508350
1000,251000,11.500600
1000,256000,11.520480
1000,261000,11.516700
1000,266000,11.505470
1000,271000,11.534730
1000,276000,11.506490
1000,281000,11.520410
1000,286000,11.518010
1000,291000,11.501310
1000,296000,11.518520
1000,301000,11.519610
1000,306000,11.519680
1000,311000,11.527460
1000,316000,11.525440
1000,321000,11.546890
1000,326000,11.516080
1000,331000,11.509430
1000,336000,11.526140
1000,341000,11.531500
1000,346000,11.519620
1000,351000,11.534210
1000,356000,11.518870
1000,361000,11.527780
1000,366000,11.515690
1000,371000,11.530340
1000,376000,11.532890
1000,381000,11.521480
1000,386000,11.533160
1000,391000,11.532360
1000,396000,11.533970
1000,401000,11.531270
1000,406000,11.527230
1000,411000,11.513740
1000,416000,11.529190
1000,421000,11.523270
1000,426000,11.520440
1000,431000,11.535080
1000,436000,11.539490
1000,441000,11.533710
1000,446000,11.521360
1000,451000,11.531750
1000,456000,11.535480
1000,461000,11.532700
1000,466000,11.525310
1000,471000,11.523360
1000,476000,11.534620
1000,481000,11.541580
1000,486000,11.536610
1000,491000,11.527180
1000,496000,11.547920
1000,501000,11.531310
1000,506000,11.533540
1000,511000,11.531510
1000,516000,11.535200
1000,521000,11.538290
1000,526000,11.531890
1000,531000,11.549340
1000,536000,11.534480
1000,541000,11.542840
1000,546000,11.550650
1000,551000,11.534610
1000,556000,11.533220
1000,561000,11.530320
1000,566000,11.550690
1000,571000,11.540600
1000,576000,11.529340
1000,581000,11.540940
1000,586000,11.540640
1000,591000,11.536600
1000,596000,11.542800
1000,601000,11.559680
1000,606000,11.530220
1000,611000,11.527640
1000,616000,11.530920
1000,621000,11.542780
1000,626000,11.551750
1000,631000,11.539220
1000,636000,11.541050
1000,641000,11.534050
1000,646000,11.554580
1000,651000,11.551200
1000,656000,11.535170
1000,661000,11.544850
1000,666000,11.530260
1000,671000,11.526320
1000,676000,11.537380
1000,681000,11.553630
1000,686000,11.550590
1000,691000,11.546420
1000,696000,11.537210
1000,701000,11.553470
1000,706000,11.546010
1000,711000,11.546860
1000,716000,11.531260
1000,721000,11.525960
1000,726000,11.542930
1000,731000,11.536570
1000,736000,11.542730
1000,741000,11.561830
1000,746000,11.534280
1000,751000,11.541430
1000,756000,11.547730
1000,761000,11.553050
1000,766000,11.549950
1000,771000,11.546580
1000,776000,11.549590
1000,781000,11.545810
1000,786000,11.556260
1000,791000,11.537360
1000,796000,11.547270
1000,801000,11.543410
1000,806000,11.525150
1000,811000,11.579720
1000,816000,11.556340
1000,821000,11.564180
1000,826000,11.542120
1000,831000,11.547410
1000,836000,11.560650
1000,841000,11.554420
1000,846000,11.548960
1000,851000,11.547110
1000,856000,11.553440
1000,861000,11.538740
1000,866000,11.529620
1000,871000,11.552350
1000,876000,11.540960
1000,881000,11.530040
1000,886000,11.541680
1000,891000,11.563890
1000,896000,11.540970
1000,901000,11.556220
1000,906000,11.535530
1000,911000,11.553070
1000,916000,11.553050
1000,921000,11.548520
1000,926000,11.539030
1000,931000,11.550010
1000,936000,11.563210
1000,941000,11.534890
1000,946000,11.555940
1000,951000,11.555350
1000,956000,11.547060
1000,961000,11.541650
1000,966000,11.555010
1000,971000,11.553530
1000,976000,11.552590
1000,981000,11.547780
1000,986000,11.573970
1000,991000,11.534500
1000,996000,11.538770
10000,6000,11.417850
10000,11000,15.153188
10000,16000,16.233608
10000,21000,16.236653
10000,26000,16.235181
10000,31000,16.239151
10000,36000,16.241090
10000,41000,16.247133
10000,46000,16.251750
10000,51000,16.250290
10000,56000,16.254704
10000,61000,16.253074
10000,66000,16.257933
10000,71000,16.262485
10000,76000,16.256057
10000,81000,16.262164
10000,86000,16.264152
10000,91000,16.256320
10000,96000,16.264309
10000,101000,16.261239
10000,106000,16.264137
10000,111000,16.263555
10000,116000,16.266853
10000,121000,16.265168
10000,126000,16.270666
10000,131000,16.269202
10000,136000,16.264177
10000,141000,16.272492
10000,146000,16.268316
10000,151000,16.271325
10000,156000,16.271535
10000,161000,16.275521
10000,166000,16.273316
10000,171000,16.274531
10000,176000,16.275784
10000,181000,16.273834
10000,186000,16.276834
10000,191000,16.277300
10000,196000,16.272293
10000,201000,16.273455
10000,206000,16.280675
10000,211000,16.283083
10000,216000,16.276815
10000,221000,16.282984
10000,226000,16.280475
10000,231000,16.277515
10000,236000,16.282104
10000,241000,16.283084
10000,246000,16.282015
10000,251000,16.277919
10000,256000,16.283577
10000,261000,16.281803
10000,266000,16.280987
10000,271000,16.284765
10000,276000,16.286455
10000,281000,16.286600
10000,286000,16.291928
10000,291000,16.277907
10000,296000,16.284857
10000,301000,16.280125
10000,306000,16.287965
10000,311000,16.284698
10000,316000,16.286298
10000,321000,16.280952
10000,326000,16.288017
10000,331000,16.286264
10000,336000,16.289850
10000,341000,16.282209
10000,346000,16.290247
10000,351000,16.286461
10000,356000,16.283408
10000,361000,16.291640
10000,366000,16.286560
10000,371000,16.287032
10000,376000,16.286723
10000,381000,16.285962
10000,386000,16.289532
10000,391000,16.285241
10000,396000,16.289469
10000,401000,16.293754
10000,406000,16.288957
10000,411000,16.285700
10000,416000,16.287445
10000,421000,16.286562
10000,426000,16.291547
10000,431000,16.292601
10000,436000,16.293258
10000,441000,16.293205
10000,446000,16.293164
10000,451000,16.290803
10000,456000,16.293592
10000,461000,16.293510
10000,466000,16.300001
10000,471000,16.292093
10000,476000,16.287571
10000,481000,16.293842
10000,486000,16.296917
10000,491000,16.298553
10000,496000,16.291048
10000,501000,16.298424
10000,506000,16.297294
10000,511000,16.296700
10000,516000,16.294870
10000,521000,16.290287
10000,526000,16.289377
10000,531000,16.294834
10000,536000,16.294755
10000,541000,16.297943
10000,546000,16.295906
10000,551000,16.296300
10000,556000,16.292782
10000,561000,16.297069
10000,566000,16.296600
10000,571000,16.297493
10000,576000,16.300152
10000,581000,16.300890
10000,586000,16.296824
10000,591000,16.292923
10000,596000,16.299111
10000,601000,16.296803
10000,606000,16.299535
10000,611000,16.296215
10000,616000,16.301617
10000,621000,16.296203
10000,626000,16.291771
10000,631000,16.300667
10000,636000,16.294924
10000,641000,16.299395
10000,646000,16.296192
10000,651000,16.299691
10000,656000,16.302471
10000,661000,16.301380
10000,666000,16.303748
10000,671000,16.295742
10000,676000,16.296921
10000,681000,16.302844
10000,686000,16.300490
10000,691000,16.300455
10000,696000,16.303541
10000,701000,16.302233
10000,706000,16.296914
10000,711000,16.296385
10000,716000,16.303724
10000,721000,16.302951
10000,726000,16.298750
10000,731000,16.302681
10000,736000,16.304772
10000,741000,16.299115
10000,746000,16.297633
10000,751000,16.301836
10000,756000,16.300950
10000,761000,16.299530
10000,766000,16.304898
10000,771000,16.307785
10000,776000,16.306237
10000,781000,16.303707
10000,786000,16.306658
10000,791000,16.305316
10000,796000,16.301036
10000,801000,16.306189
10000,806000,16.302676
10000,811000,16.303620
10000,816000,16.302225
10000,821000,16.303417
10000,826000,16.297706
10000,831000,16.303313
10000,836000,16.306837
10000,841000,16.302219
10000,846000,16.305170
10000,851000,16.306798
10000,856000,16.310117
10000,861000,16.304790
10000,866000,16.301561
10000,871000,16.305601
10000,876000,16.308790
10000,881000,16.308262
10000,886000,16.297504
10000,891000,16.302377
10000,896000,16.306404
10000,901000,16.303553
10000,906000,16.306922
10000,911000,16.307213
10000,916000,16.312935
10000,921000,16.309801
10000,926000,16.309856
10000,931000,16.305810
10000,936000,16.309565
10000,941000,16.303980
10000,946000,16.305075
10000,951000,16.304748
10000,956000,16.311057
10000,961000,16.304032
10000,966000,16.306903
10000,971000,16.304218
10000,976000,16.305104
10000,981000,16.309388
10000,986000,16.300970
10000,991000,16.307140
10000,996000,16.311105
100000,6000,11.417850
100000,11000,15.153188
100000,16000,16.430256
100000,21000,17.213253
100000,26000,17.782790
100000,31000,18.228195
100000,36000,18.596115
100000,41000,18.911447
100000,46000,19.181657
100000,51000,19.421243
100000,56000,19.641014
100000,61000,19.835661
100000,66000,20.013793
100000,71000,20.179668
100000,76000,20.334197
100000,81000,20.474958
100000,86000,20.609241
100000,91000,20.736870
100000,96000,20.853340
100000,101000,20.965406
100000,106000,21.048744
100000,111000,21.061808
100000,116000,21.064511
100000,121000,21.074119
100000,126000,21.078698
100000,131000,21.091527
100000,136000,21.088244
100000,141000,21.097367
100000,146000,21.102468
100000,151000,21.108579
100000,156000,21.112341
100000,161000,21.126024
100000,166000,21.122978
100000,171000,21.128975
100000,176000,21.129251
100000,181000,21.141595
100000,186000,21.142599
100000,191000,21.147893
100000,196000,21.150606
100000,201000,21.150196
100000,206000,21.159757
100000,211000,21.167400
100000,216000,21.165533
100000,221000,21.165903
100000,226000,21.176828
100000,231000,21.182854
100000,236000,21.180997
100000,241000,21.180116
100000,246000,21.183366
100000,251000,21.189767
100000,256000,21.195755
100000,261000,21.198919
100000,266000,21.205196
100000,271000,21.201465
100000,276000,21.198455
100000,281000,21.212731
100000,286000,21.214980
100000,291000,21.215120
100000,296000,21.213623
100000,301000,21.219526
100000,306000,21.224316
100000,311000,21.224184
100000,316000,21.230268
100000,321000,21.229855
100000,326000,21.238342
100000,331000,21.242237
100000,336000,21.231926
100000,341000,21.237718
100000,346000,21.239606
100000,351000,21.243333
100000,356000,21.244861
100000,361000,21.242914
100000,366000,21.248765
100000,371000,21.254221
100000,376000,21.255805
100000,381000,21.253719
100000,386000,21.257414
100000,391000,21.267036
100000,396000,21.262093
100000,401000,21.258221
100000,406000,21.271829
100000,411000,21.272645
100000,416000,21.272783
100000,421000,21.271892
100000,426000,21.276527
100000,431000,21.278541
100000,436000,21.274050
100000,441000,21.284059
100000,446000,21.285029
100000,451000,21.282670
100000,456000,21.285734
100000,461000,21.287952
100000,466000,21.293355
100000,471000,21.288827
100000,476000,21.295849
100000,481000,21.294520
100000,486000,21.295022
100000,491000,21.298162
100000,496000,21.297414
100000,501000,21.299760
100000,506000,21.300616
100000,511000,21.311279
100000,516000,21.305476
100000,521000,21.306653
100000,526000,21.310499
100000,531000,21.315555
100000,536000,21.315344
100000,541000,21.321284
100000,546000,21.314507
100000,551000,21.319581
100000,556000,21.313607
100000,561000,21.320110
100000,566000,21.319732
100000,571000,21.327087
100000,576000,21.329691
100000,581000,21.332801
100000,586000,21.328819
100000,591000,21.326411
100000,596000,21.333978
100000,601000,21.336236
100000,606000,21.331987
100000,611000,21.335781
100000,616000,21.337505
100000,621000,21.337416
100000,626000,21.337473
100000,631000,21.343496
100000,636000,21.347769
100000,641000,21.346892
100000,646000,21.344510
100000,651000,21.342590
100000,656000,21.344707
100000,661000,21.352550
100000,666000,21.350821
100000,671000,21.359346
100000,676000,21.354399
100000,681000,21.351105
100000,686000,21.354029
100000,691000,21.361457
100000,696000,21.361009
100000,701000,21.357981
100000,706000,21.358497
100000,711000,21.364061
100000,716000,21.363887
100000,721000,21.365651
100000,726000,21.365968
100000,731000,21.366561
100000,736000,21.369475
100000,741000,21.365486
100000,746000,21.368715
100000,751000,21.370749
100000,756000,21.371098
100000,761000,21.375597
100000,766000,21.376763
100000,771000,21.378186
100000,776000,21.380935
100000,781000,21.378426
100000,786000,21.384366
100000,791000,21.380761
100000,796000,21.382471
100000,801000,21.384572
100000,806000,21.384576
100000,811000,21.388946
100000,816000,21.384479
100000,821000,21.389015
100000,826000,21.389102
100000,831000,21.392128
100000,836000,21.389736
100000,841000,21.398285
100000,846000,21.395420
100000,851000,21.397934
100000,856000,21.393474
100000,861000,21.400089
100000,866000,21.400169
100000,871000,21.391881
100000,876000,21.400544
100000,881000,21.399556
100000,886000,21.403261
100000,891000,21.405978
100000,896000,21.407048
100000,901000,21.405166
100000,906000,21.406823
100000,911000,21.406217
100000,916000,21.410619
100000,921000,21.405464
100000,926000,21.410162
100000,931000,21.408969
100000,936000,21.415694
100000,941000,21.409309
100000,946000,21.410129
100000,951000,21.418012
100000,956000,21.416140
100000,961000,21.415137
100000,966000,21.422213
100000,971000,21.419186
100000,976000,21.423303
100000,981000,21.412496
100000,986000,21.413041
100000,991000,21.424079
100000,996000,21.425906
1000000,6000,11.417850
1000000,11000,15.153188
1000000,16000,16.430256
1000000,21000,17.213253
1000000,26000,17.782790
1000000,31000,18.228195
1000000,36000,18.596115
1000000,41000,18.911447
1000000,46000,19.181657
1000000,51000,19.421243
1000000,56000,19.641014
1000000,61000,19.835661
1000000,66000,20.013793
1000000,71000,20.179668
1000000,76000,20.334197
1000000,81000,20.474958
1000000,86000,20.609241
1000000,91000,20.736870
1000000,96000,20.853340
1000000,101000,20.965406
1000000,106000,21.075478
1000000,111000,21.163685
1000000,116000,21.268032
1000000,121000,21.356210
1000000,126000,21.447256
1000000,131000,21.536633
1000000,136000,21.616362
1000000,141000,21.696768
1000000,146000,21.770133
1000000,151000,21.839303
1000000,156000,21.910993
1000000,161000,21.978790
1000000,166000,22.044789
1000000,171000,22.109798
1000000,176000,22.173765
1000000,181000,22.234590
1000000,186000,22.288439
1000000,191000,22.353040
1000000,196000,22.408539
1000000,201000,22.464589
1000000,206000,22.508239
1000000,211000,22.558141
1000000,216000,22.612534
1000000,221000,22.657659
1000000,226000,22.706172
1000000,231000,22.751925
1000000,236000,22.801076
1000000,241000,22.850516
1000000,246000,22.893761
1000000,251000,22.932180
1000000,256000,22.973721
1000000,261000,23.017678
1000000,266000,23.056559
1000000,271000,23.097320
1000000,276000,23.142478
1000000,281000,23.176066
1000000,286000,23.213168
1000000,291000,23.249232
1000000,296000,23.286456
1000000,301000,23.327030
1000000,306000,23.357763
1000000,311000,23.393467
1000000,316000,23.428722
1000000,321000,23.456224
1000000,326000,23.491946
1000000,331000,23.521346
1000000,336000,23.555114
1000000,341000,23.587004
1000000,346000,23.620717
1000000,351000,23.648383
1000000,356000,23.677142
1000000,361000,23.711583
1000000,366000,23.738151
1000000,371000,23.769443
1000000,376000,23.802982
1000000,381000,23.815994
1000000,386000,23.855148
1000000,391000,23.875193
1000000,396000,23.904407
1000000,401000,23.930316
1000000,406000,23.955900
1000000,411000,23.981872
1000000,416000,24.004637
1000000,421000,24.034955
1000000,426000,24.064694
1000000,431000,24.087862
1000000,436000,24.116570
1000000,441000,24.132781
1000000,446000,24.155917
1000000,451000,24.183452
1000000,456000,24.204537
1000000,461000,24.225511
1000000,466000,24.246132
1000000,471000,24.272285
1000000,476000,24.295642
1000000,481000,24.317858
1000000,486000,24.338715
1000000,491000,24.361094
1000000,496000,24.383159
1000000,501000,24.405427
1000000,506000,24.423487
1000000,511000,24.437826
1000000,516000,24.463327
1000000,521000,24.483291
1000000,526000,24.503848
1000000,531000,24.522633
1000000,536000,24.537535
1000000,541000,24.557032
1000000,546000,24.571793
1000000,551000,24.595385
1000000,556000,24.616995
1000000,561000,24.627335
1000000,566000,24.656253
1000000,571000,24.674362
1000000,576000,24.693947
1000000,581000,24.705656
1000000,586000,24.726442
1000000,591000,24.739024
1000000,596000,24.762217
1000000,601000,24.790076
1000000,606000,24.799369
1000000,611000,24.810356
1000000,616000,24.843745
1000000,621000,24.851021
1000000,626000,24.865957
1000000,631000,24.882639
1000000,636000,24.898913
1000000,641000,24.918357
1000000,646000,24.935002
1000000,651000,24.961050
1000000,656000,24.961260
1000000,661000,24.983354
1000000,666000,24.995416
1000000,671000,25.008950
1000000,676000,25.039499
1000000,681000,25.040963
1000000,686000,25.060173
1000000,691000,25.075609
1000000,696000,25.087946
1000000,701000,25.116835
1000000,706000,25.120833
1000000,711000,25.138195
1000000,716000,25.145409
1000000,721000,25.160469
1000000,726000,25.178825
1000000,731000,25.200796
1000000,736000,25.213331
1000000,741000,25.225610
1000000,746000,25.237881
1000000,751000,25.256854
1000000,756000,25.265534
1000000,761000,25.286471
1000000,766000,25.291472
1000000,771000,25.310363
1000000,776000,25.322918
1000000,781000,25.334289
1000000,786000,25.349945
1000000,791000,25.365756
1000000,796000,25.374312
1000000,801000,25.382936
1000000,806000,25.399484
1000000,811000,25.414423
1000000,816000,25.421039
1000000,821000,25.440099
1000000,826000,25.453622
1000000,831000,25.464251
1000000,836000,25.477493
1000000,841000,25.490702
1000000,846000,25.505429
1000000,851000,25.509719
1000000,856000,25.527568
1000000,861000,25.536959
1000000,866000,25.546049
1000000,871000,25.577706
1000000,876000,25.579429
1000000,881000,25.590659
1000000,886000,25.601892
1000000,891000,25.609757
1000000,896000,25.621860
1000000,901000,25.629508
1000000,906000,25.647842
1000000,911000,25.661666
1000000,916000,25.669945
1000000,921000,25.683092
1000000,926000,25.695069
1000000,931000,25.704932
1000000,936000,25.720921
1000000,941000,25.732168
1000000,946000,25.737773
1000000,951000,25.748177
1000000,956000,25.753923
1000000,961000,25.778014
1000000,966000,25.777978
1000000,971000,25.790398
1000000,976000,25.804930
1000000,981000,25.811558
1000000,986000,25.822551
1000000,991000,25.837794
1000000,996000,25.852372

Uniform subset test (naive)
10,6000,2.448400
10,11000,2.452200
10,16000,2.518300
10,21000,2.489800
10,26000,2.664300
10,31000,2.596400
10,36000,2.550900
10,41000,2.507100
10,46000,2.519100
10,51000,2.816500
10,56000,2.456000
10,61000,2.757000
10,66000,2.770400
10,71000,3.081400
10,76000,2.769700
10,81000,2.761100
10,86000,2.456900
10,91000,3.315400
10,96000,2.677000
10,101000,2.629700
10,106000,2.820600
10,111000,3.235100
10,116000,2.722100
10,121000,2.646800
10,126000,3.143300
10,131000,2.726000
10,136000,3.399400
10,141000,3.502600
10,146000,3.809700
10,151000,3.428900
10,156000,2.496500
10,161000,4.003400
10,166000,2.812900
10,171000,3.125200
10,176000,3.601200
10,181000,2.769800
10,186000,2.969000
10,191000,2.941800
10,196000,3.999300
10,201000,2.802500
10,206000,3.325400
10,211000,2.452800
10,216000,3.915800
10,221000,4.700900
10,226000,4.552900
10,231000,2.762900
10,236000,3.401100
10,241000,2.948100
10,246000,4.077200
10,251000,5.100700
10,256000,3.568000
10,261000,3.656200
10,266000,3.623800
10,271000,3.750200
10,276000,3.501800
10,281000,3.029600
10,286000,2.459300
10,291000,3.637500
10,296000,3.412700
10,301000,4.096500
10,306000,3.668600
10,311000,4.878500
10,316000,5.185500
10,321000,5.472300
10,326000,4.232200
10,331000,2.743800
10,336000,3.519600
10,341000,3.398700
10,346000,4.072800
10,351000,4.932600
10,356000,5.089900
10,361000,3.587200
10,366000,4.197800
10,371000,3.837900
10,376000,2.849200
10,381000,5.277200
10,386000,2.667500
10,391000,5.445500
10,396000,4.126400
10,401000,5.977200
10,406000,2.459100
10,411000,5.573400
10,416000,3.746400
10,421000,4.852600
10,426000,3.869300
10,431000,4.685700
10,436000,5.063300
10,441000,3.255300
10,446000,5.184400
10,451000,6.733400
10,456000,4.464900
10,461000,5.268500
10,466000,3.434200
10,471000,3.169200
10,476000,5.577900
10,481000,3.005300
10,486000,6.130400
10,491000,3.649700
10,496000,2.476000
10,501000,2.471400
10,506000,2.454200
10,511000,7.439900
10,516000,5.975200
10,521000,4.074100
10,526000,4.874000
10,531000,2.707600
10,536000,4.128900
10,541000,8.089700
10,546000,2.479100
10,551000,2.850700
10,556000,3.455900
10,561000,4.049900
10,566000,3.765200
10,571000,6.629600
10,576000,6.438400
10,581000,2.690400
10,586000,4.834700
10,591000,3.012700
10,596000,2.627700
10,601000,6.336600
10,606000,5.378900
10,611000,4.214500
10,616000,3.426100
10,621000,9.355700
10,626000,3.631900
10,631000,6.138300
10,636000,7.747500
10,641000,7.111200
10,646000,8.684900
10,651000,6.642500
10,656000,9.574200
10,661000,5.549800
10,666000,5.120400
10,671000,5.726900
10,676000,6.581500
10,681000,8.064600
10,686000,9.495100
10,691000,3.401100
10,696000,3.609600
10,701000,10.424200
10,706000,2.444300
10,711000,9.018000
10,716000,7.378300
10,721000,9.171800
10,726000,7.711000
10,731000,7.145900
10,736000,2.662100
10,741000,5.980600
10,746000,3.026600
10,751000,2.482400
10,756000,6.450500
10,761000,6.673000
10,766000,5.379900
10,771000,3.870400
10,776000,7.399200
10,781000,5.416800
10,786000,6.062300
10,791000,3.687000
10,796000,5.912100
10,801000,9.163200
10,806000,6.963200
10,811000,11.303700
10,816000,5.787700
10,821000,9.839600
10,826000,6.260800
10,831000,9.584900
10,836000,6.205400
10,841000,9.631100
10,846000,9.331000
10,851000,2.478000
10,856000,2.484300
10,861000,2.694200
10,866000,6.869000
10,871000,6.495900
10,876000,5.731900
10,881000,9.264500
10,886000,5.374500
10,891000,4.673900
10,896000,6.250900
10,901000,7.902300
10,906000,5.306700
10,911000,6.313200
10,916000,3.842900
10,921000,3.401200
10,926000,4.893100
10,931000,2.477100
10,936000,2.471500
10,941000,2.466200
10,946000,6.980700
10,951000,3.952500
10,956000,13.571600
10,961000,9.289700
10,966000,4.450100
10,971000,8.157400
10,976000,2.444200
10,981000,6.866200
10,986000,7.772900
10,991000,6.697900
10,996000,5.055800
100,6000,6.497460
100,11000,6.492110
100,16000,6.514990
100,21000,6.532560
100,26000,6.537640
100,31000,6.539700
100,36000,6.557410
100,41000,6.578730
100,46000,6.578620
100,51000,6.577970
100,56000,6.602820
100,61000,6.629410
100,66000,6.650280
100,71000,6.611640
100,76000,6.684160
100,81000,6.667580
100,86000,6.640620
100,91000,6.767600
100,96000,6.643080
100,101000,6.758900
100,106000,6.761910
100,111000,6.766440
100,116000,6.822650
100,121000,6.677650
100,126000,6.800070
100,131000,6.868680
100,136000,6.762340
100,141000,6.836850
100,146000,6.741740
100,151000,6.799010
100,156000,6.887830
100,161000,6.923660
100,166000,6.911610
100,171000,6.905310
100,176000,6.733010
100,181000,6.792110
100,186000,6.870400
100,191000,6.968950
100,196000,6.939830
100,201000,7.059030
100,206000,6.865200
100,211000,6.986740
100,216000,6.981070
100,221000,7.081710
100,226000,7.039370
100,231000,7.287240
100,236000,6.938590
100,241000,7.109750
100,246000,6.934890
100,251000,7.184210
100,256000,7.061580
100,261000,7.188390
100,266000,7.253450
100,271000,7.093760
100,276000,7.248880
100,281000,7.078590
100,286000,7.022130
100,291000,7.517640
100,296000,7.132760
100,301000,7.199890
100,306000,7.057270
100,311000,7.009530
100,316000,7.050880
100,321000,7.169930
100,326000,7.331510
100,331000,7.351770
100,336000,7.252490
100,341000,7.352120
100,346000,7.319290
100,351000,7.505450
100,356000,7.582940
100,361000,7.552680
100,366000,7.432590
100,371000,7.212820
100,376000,7.531470
100,381000,7.691240
100,386000,7.588660
100,391000,7.347100
100,396000,7.156490
100,401000,7.356560
100,406000,7.453320
100,411000,7.682080
100,416000,7.479410
100,421000,7.716210
100,426000,7.383910
100,431000,7.422010
100,436000,7.383440
100,441000,7.421930
100,446000,7.561380
100,451000,7.812610
100,456000,8.116560
100,461000,7.599820
100,466000,7.411060
100,471000,7.947810
100,476000,7.645080
100,481000,7.563650
100,486000,7.679410
100,491000,7.290490
100,496000,7.410260
100,501000,7.702210
100,506000,7.725210
100,511000,7.539700
100,516000,8.101060
100,521000,7.912700
100,526000,8.051110
100,531000,8.465700
100,536000,7.560440
100,541000,7.378580
100,546000,8.440080
100,551000,7.517050
100,556000,8.157220
100,561000,8.058490
100,566000,7.477500
100,571000,7.782780
100,576000,8.096030
100,581000,8.261340
100,586000,7.745910
100,591000,7.923920
100,596000,8.088890
100,601000,8.147520
100,606000,8.081570
100,611000,8.634930
100,616000,8.054310
100,621000,7.884460
100,626000,8.211440
100,631000,7.995300
100,636000,8.988360
100,641000,7.786040
100,646000,8.041760
100,651000,8.049740
100,656000,8.665520
100,661000,8.175220
100,666000,8.443210
100,671000,7.585450
100,676000,8.251670
100,681000,8.559150
100,686000,8.021420
100,691000,7.748060
100,696000,8.587070
100,701000,8.320810
100,706000,7.819140
100,711000,7.895170
100,716000,8.652370
100,721000,8.167640
100,726000,8.680070
100,731000,8.004190
100,736000,8.478230
100,741000,8.381240
100,746000,8.808850
100,751000,8.471050
100,756000,7.771700
100,761000,8.217430
100,766000,8.681440
100,771000,9.351710
100,776000,8.725060
100,781000,8.136040
100,786000,8.424370
100,791000,9.050700
100,796000,8.867940
100,801000,7.602660
100,806000,8.540260
100,811000,8.566080
100,816000,8.449120
100,821000,8.641660
100,826000,8.388320
100,831000,8.167450
100,836000,9.250970
100,841000,8.213010
100,846000,8.154250
100,851000,8.671240
100,856000,8.251580
100,861000,9.120560
100,866000,8.935060
100,871000,8.865990
100,876000,8.763340
100,881000,8.431610
100,886000,9.143110
100,891000,9.092130
100,896000,9.383980
100,901000,8.270610
100,906000,9.485030
100,911000,8.573530
100,916000,8.469710
100,921000,8.300790
100,926000,8.290340
100,931000,9.062060
100,936000,8.553700
100,941000,9.093890
100,946000,8.641760
100,951000,8.643920
100,956000,9.183720
100,961000,8.801950
100,966000,9.397480
100,971000,8.846590
100,976000,8.146960
100,981000,8.706760
100,986000,9.784570
100,991000,9.218760
100,996000,9.325470
1000,6000,10.990970
1000,11000,11.029920
1000,16000,11.083150
1000,21000,11.120870
1000,26000,11.139530
1000,31000,11.168490
1000,36000,11.203350
1000,41000,11.262060
1000,46000,11.312960
1000,51000,11.316030
1000,56000,11.399510
1000,61000,11.414660
1000,66000,11.451790
1000,71000,11.451320
1000,76000,11.403890
1000,81000,11.497380
1000,86000,11.529460
1000,91000,11.630690
1000,96000,11.683000
1000,101000,11.629730
1000,106000,11.711450
1000,111000,11.747200
1000,116000,11.714800
1000,121000,11.742120
1000,126000,11.767840
1000,131000,11.804760
1000,136000,11.871170
1000,141000,11.830880
1000,146000,11.946090
1000,151000,11.844180
1000,156000,12.032080
1000,161000,12.054960
1000,166000,12.048460
1000,171000,12.023850
1000,176000,12.088390
1000,181000,12.271040
1000,186000,12.054340
1000,191000,12.179760
1000,196000,12.186000
1000,201000,12.275180
1000,206000,12.285010
1000,211000,12.283240
1000,216000,12.372250
1000,221000,12.866010
1000,226000,12.390810
1000,231000,12.874160
1000,236000,12.526620
1000,241000,12.550570
1000,246000,12.346520
1000,251000,12.580900
1000,256000,12.724060
1000,261000,12.513550
1000,266000,12.658700
1000,271000,12.938690
1000,276000,12.563630
1000,281000,12.706520
1000,286000,12.880140
1000,291000,12.743780
1000,296000,12.754780
1000,301000,12.921840
1000,306000,12.997180
1000,311000,12.748110
1000,316000,13.096980
1000,321000,12.846440
1000,326000,12.762080
1000,331000,13.186060
1000,336000,13.026360
1000,341000,13.175630
1000,346000,12.950660
1000,351000,12.896360
1000,356000,13.260170
1000,361000,13.306600
1000,366000,13.143770
1000,371000,13.078850
1000,376000,13.156670
1000,381000,13.341800
1000,386000,13.604560
1000,391000,13.105990
1000,396000,13.476560
1000,401000,13.483260
1000,406000,13.291880
1000,411000,13.547710
1000,416000,13.109540
1000,421000,13.561880
1000,426000,13.427610
1000,431000,13.963870
1000,436000,13.496260
1000,441000,13.623910
1000,446000,13.892280
1000,451000,13.811240
1000,456000,13.947860
1000,461000,13.806680
1000,466000,13.976800
1000,471000,13.926350
1000,476000,13.665180
1000,481000,13.674900
1000,486000,14.099110
1000,491000,13.791890
1000,496000,13.893210
1000,501000,14.203090
1000,506000,14.235640
1000,511000,13.807640
1000,516000,13.988750
1000,521000,14.546960
1000,526000,14.539400
1000,531000,14.687280
1000,536000,14.337390
1000,541000,14.387160
1000,546000,14.347190
1000,551000,14.396880
1000,556000,14.584300
1000,561000,14.757420
1000,566000,14.853120
1000,571000,14.487250
1000,576000,14.644460
1000,581000,14.732060
1000,586000,14.340400
1000,591000,14.169680
1000,596000,14.771070
1000,601000,15.058520
1000,606000,14.827180
1000,611000,14.549860
1000,616000,14.297050
1000,621000,14.584880
1000,626000,14.628570
1000,631000,14.670570
1000,636000,15.115380
1000,641000,15.220600
1000,646000,16.063000
1000,651000,15.150940
1000,656000,14.790950
1000,661000,15.086510
1000,666000,15.144210
1000,671000,15.193210
1000,676000,15.617550
1000,681000,14.833860
1000,686000,14.962600
1000,691000,15.173860
1000,696000,14.595230
1000,701000,15.242320
1000,706000,15.212440
1000,711000,15.668160
1000,716000,15.596390
1000,721000,15.686830
1000,726000,16.010610
1000,731000,15.145010
1000,736000,16.156870
1000,741000,15.403450
1000,746000,15.767110
1000,751000,15.566100
1000,756000,15.847260
1000,761000,15.873940
1000,766000,15.866760
1000,771000,16.119640
1000,776000,15.926030
1000,781000,16.250440
1000,786000,15.456280
1000,791000,15.813700
1000,796000,15.412240
1000,801000,15.910510
1000,806000,17.182660
1000,811000,15.708550
1000,816000,14.886700
1000,821000,16.024600
1000,826000,16.292890
1000,831000,16.054060
1000,836000,16.096630
1000,841000,16.036900
1000,846000,16.966470
1000,851000,16.373340
1000,856000,15.502210
1000,861000,16.300860
1000,866000,17.325870
1000,871000,16.353420
1000,876000,17.206150
1000,881000,16.800090
1000,886000,16.116010
1000,891000,16.984890
1000,896000,16.986470
1000,901000,16.977380
1000,906000,17.121390
1000,911000,16.135390
1000,916000,16.192460
1000,921000,16.340590
1000,926000,16.658260
1000,931000,16.980410
1000,936000,18.239290
1000,941000,17.315680
1000,946000,18.210250
1000,951000,17.012220
1000,956000,16.273380
1000,961000,17.437700
1000,966000,17.332210
1000,971000,16.713970
1000,976000,17.245610
1000,981000,17.351430
1000,986000,16.096640
1000,991000,17.018160
1000,996000,18.200650
10000,6000,10.990970
10000,11000,14.559925
10000,16000,15.588922
10000,21000,15.599256
10000,26000,15.600324
10000,31000,15.611980
10000,36000,15.618703
10000,41000,15.625544
10000,46000,15.633635
10000,51000,15.645459
10000,56000,15.643736
10000,61000,15.650681
10000,66000,15.660682
10000,71000,15.668426
10000,76000,15.669524
10000,81000,15.686434
10000,86000,15.680658
10000,91000,15.688851
10000,96000,15.699722
10000,101000,15.699021
10000,106000,15.704074
10000,111000,15.706340
10000,116000,15.719453
10000,121000,15.719489
10000,126000,15.733855
10000,131000,15.729406
10000,136000,15.744830
10000,141000,15.735305
10000,146000,15.773665
10000,151000,15.761518
10000,156000,15.762396
10000,161000,15.761290
10000,166000,15.774792
10000,171000,15.783211
10000,176000,15.794623
10000,181000,15.789365
10000,186000,15.792179
10000,191000,15.805361
10000,196000,15.800039
10000,201000,15.802263
10000,206000,15.812212
10000,211000,15.832875
10000,216000,15.820321
10000,221000,15.856679
10000,226000,15.852620
10000,231000,15.853154
10000,236000,15.848808
10000,241000,15.860252
10000,246000,15.876798
10000,251000,15.870922
10000,256000,15.857331
10000,261000,15.868831
10000,266000,15.880543
10000,271000,15.892330
10000,276000,15.911318
10000,281000,15.925302
10000,286000,15.890600
10000,291000,15.891711
10000,296000,15.913863
10000,301000,15.912069
10000,306000,15.927459
10000,311000,15.934181
10000,316000,15.899583
10000,321000,15.924890
10000,326000,15.958965
10000,331000,15.963985
10000,336000,15.956516
10000,341000,15.951455
10000,346000,15.967958
10000,351000,16.008783
10000,356000,15.981521
10000,361000,16.036894
10000,366000,16.017503
10000,371000,16.006042
10000,376000,16.034104
10000,381000,15.977559
10000,386000,16.014148
10000,391000,16.019843
10000,396000,16.026719
10000,401000,16.037273
10000,406000,16.043219
10000,411000,16.032922
10000,416000,16.046765
10000,421000,16.034992
10000,426000,16.060336
10000,431000,15.998460
10000,436000,16.038518
10000,441000,16.064392
10000,446000,16.099081
10000,451000,16.078608
10000,456000,16.103974
10000,461000,16.109899
10000,466000,16.070588
10000,471000,16.112442
10000,476000,16.151634
10000,481000,16.097869
10000,486000,16.103178
10000,491000,16.096752
10000,496000,16.092142
10000,501000,16.134702
10000,506000,16.126562
10000,511000,16.112544
10000,516000,16.152853
10000,521000,16.108706
10000,526000,16.126480
10000,531000,16.167898
10000,536000,16.114045
10000,541000,16.144209
10000,546000,16.169844
10000,551000,16.141092
10000,556000,16.133629
10000,561000,16.177715
10000,566000,16.176772
10000,571000,16.173075
10000,576000,16.195082
10000,581000,16.181608
10000,586000,16.232427
10000,591000,16.272937
10000,596000,16.218648
10000,601000,16.187457
10000,606000,16.232850
10000,611000,16.250300
10000,616000,16.218604
10000,621000,16.241585
10000,626000,16.245381
10000,631000,16.262066
10000,636000,16.296573
10000,641000,16.282072
10000,646000,16.269648
10000,651000,16.234848
10000,656000,16.238926
10000,661000,16.263319
10000,666000,16.363856
10000,671000,16.323157
10000,676000,16.322071
10000,681000,16.308579
10000,686000,16.345678
10000,691000,16.377187
10000,696000,16.343352
10000,701000,16.366448
10000,706000,16.363864
10000,711000,16.347654
10000,716000,16.378114
10000,721000,16.313654
10000,726000,16.391413
10000,731000,16.418660
10000,736000,16.397470
10000,741000,16.374774
10000,746000,16.346546
10000,751000,16.371805
10000,756000,16.470235
10000,761000,16.393478
10000,766000,16.479226
10000,771000,16.380208
10000,776000,16.446548
10000,781000,16.354557
10000,786000,16.446320
10000,791000,16.491237
10000,796000,16.493247
10000,801000,16.440516
10000,806000,16.457250
10000,811000,16.444109
10000,816000,16.419172
10000,821000,16.520164
10000,826000,16.470451
10000,831000,16.424280
10000,836000,16.411301
10000,841000,16.488253
10000,846000,16.400846
10000,851000,16.517857
10000,856000,16.428479
10000,861000,16.527197
10000,866000,16.428396
10000,871000,16.525341
10000,876000,16.559229
10000,881000,16.481454
10000,886000,16.555355
10000,891000,16.534939
10000,896000,16.502210
10000,901000,16.479778
10000,906000,16.517581
10000,911000,16.519472
10000,916000,16.548208
10000,921000,16.561628
10000,926000,16.520174
10000,931000,16.628163
10000,936000,16.496862
10000,941000,16.615405
10000,946000,16.672605
10000,951000,16.556567
10000,956000,16.559102
10000,961000,16.547704
10000,966000,16.554367
10000,971000,16.555970
10000,976000,16.649301
10000,981000,16.573924
10000,986000,16.685660
10000,991000,16.605226
10000,996000,16.651280
100000,6000,10.990970
100000,11000,14.559925
100000,16000,15.779184
100000,21000,16.525920
100000,26000,17.072294
100000,31000,17.494575
100000,36000,17.846511
100000,41000,18.147323
100000,46000,18.405013
100000,51000,18.633753
100000,56000,18.844197
100000,61000,19.029821
100000,66000,19.200571
100000,71000,19.357091
100000,76000,19.505126
100000,81000,19.640399
100000,86000,19.768938
100000,91000,19.891438
100000,96000,20.002566
100000,101000,20.106658
100000,106000,20.287896
100000,111000,20.300611
100000,116000,20.316899
100000,121000,20.325601
100000,126000,20.328855
100000,131000,20.343503
100000,136000,20.359230
100000,141000,20.357546
100000,146000,20.372359
100000,151000,20.379962
100000,156000,20.403538
100000,161000,20.418340
100000,166000,20.402428
100000,171000,20.427388
100000,176000,20.434670
100000,181000,20.457080
100000,186000,20.462973
100000,191000,20.459570
100000,196000,20.464084
100000,201000,20.463306
100000,206000,20.512807
100000,211000,20.511273
100000,216000,20.520082
100000,221000,20.501984
100000,226000,20.548263
100000,231000,20.561678
100000,236000,20.544204
100000,241000,20.550282
100000,246000,20.559562
100000,251000,20.590895
100000,256000,20.592764
100000,261000,20.611698
100000,266000,20.650406
100000,271000,20.614137
100000,276000,20.630901
100000,281000,20.632572
100000,286000,20.636225
100000,291000,20.681407
100000,296000,20.684205
100000,301000,20.667317
100000,306000,20.706594
100000,311000,20.712862
100000,316000,20.707418
100000,321000,20.690349
100000,326000,20.722853
100000,331000,20.723129
100000,336000,20.718103
100000,341000,20.770530
100000,346000,20.728236
100000,351000,20.767145
100000,356000,20.797935
100000,361000,20.786648
100000,366000,20.781050
100000,371000,20.792627
100000,376000,20.780601
100000,381000,20.804307
100000,386000,20.813661
100000,391000,20.830690
100000,396000,20.863351
100000,401000,20.844185
100000,406000,20.884043
100000,411000,20.878105
100000,416000,20.923734
100000,421000,20.884668
100000,426000,20.892730
100000,431000,20.939004
100000,436000,20.907496
100000,441000,20.919872
100000,446000,20.919544
100000,451000,20.953535
100000,456000,20.962832
100000,461000,20.963201
100000,466000,20.921293
100000,471000,21.036102
100000,476000,21.011851
100000,481000,20.961061
100000,486000,20.986182
100000,491000,20.962169
100000,496000,21.016506
100000,501000,21.012912
100000,506000,20.979256
100000,511000,21.041283
100000,516000,21.060510
100000,521000,21.084892
100000,526000,21.055627
100000,531000,21.069569
100000,536000,21.066771
100000,541000,21.148234
100000,546000,21.100539
100000,551000,21.151747
100000,556000,21.086129
100000,561000,21.144718
100000,566000,21.106889
100000,571000,21.130884
100000,576000,21.177839
100000,581000,21.138388
100000,586000,21.137499
100000,591000,21.204086
100000,596000,21.178580
100000,601000,21.189825
100000,606000,21.198830
100000,611000,21.226364
100000,616000,21.201515
100000,621000,21.226601
100000,626000,21.268218
100000,631000,21.220723
100000,636000,21.287102
100000,641000,21.222073
100000,646000,21.239260
100000,651000,21.323416
100000,656000,21.289196
100000,661000,21.309825
100000,666000,21.272381
100000,671000,21.286755
100000,676000,21.296401
100000,681000,21.334365
100000,686000,21.329717
100000,691000,21.298675
100000,696000,21.289811
100000,701000,21.330722
100000,706000,21.288356
100000,711000,21.439451
100000,716000,21.388353
100000,721000,21.408139
100000,726000,21.394388
100000,731000,21.423074
100000,736000,21.359637
100000,741000,21.408940
100000,746000,21.394605
100000,751000,21.430477
100000,756000,21.465337
100000,761000,21.455321
100000,766000,21.461681
100000,771000,21.467919
100000,776000,21.458673
100000,781000,21.542944
100000,786000,21.516037
100000,791000,21.440961
100000,796000,21.468565
100000,801000,21.473931
100000,806000,21.500830
100000,811000,21.485811
100000,816000,21.488363
100000,821000,21.574051
100000,826000,21.558368
100000,831000,21.543070
100000,836000,21.561121
100000,841000,21.487455
100000,846000,21.543253
100000,851000,21.652131
100000,856000,21.657043
100000,861000,21.589806
100000,866000,21.640380
100000,871000,21.643030
100000,876000,21.602065
100000,881000,21.620254
100000,886000,21.663662
100000,891000,21.610660
100000,896000,21.712279
100000,901000,21.663498
100000,906000,21.685701
100000,911000,21.634544
100000,916000,21.691391
100000,921000,21.704268
100000,926000,21.700695
100000,931000,21.695818
100000,936000,21.818330
100000,941000,21.715887
100000,946000,21.716543
100000,951000,21.790246
100000,956000,21.728078
100000,961000,21.747799
100000,966000,21.768937
100000,971000,21.777644
100000,976000,21.817384
100000,981000,21.829069
100000,986000,21.757615
100000,991000,21.869654
100000,996000,21.780488
1000000,6000,10.990970
1000000,11000,14.559925
1000000,16000,15.779184
1000000,21000,16.525920
1000000,26000,17.072294
1000000,31000,17.494575
1000000,36000,17.846511
1000000,41000,18.147323
1000000,46000,18.405013
1000000,51000,18.633753
1000000,56000,18.844197
1000000,61000,19.029821
1000000,66000,19.200571
1000000,71000,19.357091
1000000,76000,19.505126
1000000,81000,19.640399
1000000,86000,19.768938
1000000,91000,19.891438
1000000,96000,20.002566
1000000,101000,20.106658
1000000,106000,20.305928
1000000,111000,20.388376
1000000,116000,20.500407
1000000,121000,20.580816
1000000,126000,20.664507
1000000,131000,20.763003
1000000,136000,20.821840
1000000,141000,20.907771
1000000,146000,20.967072
1000000,151000,21.036295
1000000,156000,21.111737
1000000,161000,21.178090
1000000,166000,21.242014
1000000,171000,21.303548
1000000,176000,21.367558
1000000,181000,21.420950
1000000,186000,21.471524
1000000,191000,21.528389
1000000,196000,21.589664
1000000,201000,21.645212
1000000,206000,21.977678
1000000,211000,21.994684
1000000,216000,22.074864
1000000,221000,22.079799
1000000,226000,22.169101
1000000,231000,22.222709
1000000,236000,22.288273
1000000,241000,22.294742
1000000,246000,22.299971
1000000,251000,22.337738
1000000,256000,22.403542
1000000,261000,22.439858
1000000,266000,22.482153
1000000,271000,22.529217
1000000,276000,22.587157
1000000,281000,22.609208
1000000,286000,22.630739
1000000,291000,22.689643
1000000,296000,22.703911
1000000,301000,22.755811
1000000,306000,22.819700
1000000,311000,22.834645
1000000,316000,22.852731
1000000,321000,22.892591
1000000,326000,22.943028
1000000,331000,22.939236
1000000,336000,22.988980
1000000,341000,23.032302
1000000,346000,23.056073
1000000,351000,23.058084
1000000,356000,23.093879
1000000,361000,23.115283
1000000,366000,23.150139
1000000,371000,23.187302
1000000,376000,23.243644
1000000,381000,23.238847
1000000,386000,23.267711
1000000,391000,23.308745
1000000,396000,23.326022
1000000,401000,23.346803
1000000,406000,23.356389
1000000,411000,23.449596
1000000,416000,23.396571
1000000,421000,23.449167
1000000,426000,23.478078
1000000,431000,23.504354
1000000,436000,23.540555
1000000,441000,23.550560
1000000,446000,23.570533
1000000,451000,23.572659
1000000,456000,23.637098
1000000,461000,23.623822
1000000,466000,23.660924
1000000,471000,23.664541
1000000,476000,23.688050
1000000,481000,23.713024
1000000,486000,23.753901
1000000,491000,23.780396
1000000,496000,23.779398
1000000,501000,23.791438
1000000,506000,24.729361
1000000,511000,24.647520
1000000,516000,24.740550
1000000,521000,24.669457
1000000,526000,24.723029
1000000,531000,24.792268
1000000,536000,24.903315
1000000,541000,24.855681
1000000,546000,24.880200
1000000,551000,24.854077
1000000,556000,24.907610
1000000,561000,24.858317
1000000,566000,24.907271
1000000,571000,24.965673
1000000,576000,24.988354
1000000,581000,24.954878
1000000,586000,25.050947
1000000,591000,25.042403
1000000,596000,24.978022
1000000,601000,25.143773
1000000,606000,25.128571
1000000,611000,25.104025
1000000,616000,25.154075
1000000,621000,25.160726
1000000,626000,25.114750
1000000,631000,25.137895
1000000,636000,25.067613
1000000,641000,25.247068
1000000,646000,25.205573
1000000,651000,25.221554
1000000,656000,25.221054
1000000,661000,25.242213
1000000,666000,25.278852
1000000,671000,25.390372
1000000,676000,25.333848
1000000,681000,25.319709
1000000,686000,25.365367
1000000,691000,25.484140
1000000,696000,25.378965
1000000,701000,25.347455
1000000,706000,25.423904
1000000,711000,25.399493
1000000,716000,25.424276
1000000,721000,25.457830
1000000,726000,25.496670
1000000,731000,25.428242
1000000,736000,25.513941
1000000,741000,25.419708
1000000,746000,25.529862
1000000,751000,25.523866
1000000,756000,25.563997
1000000,761000,25.595681
1000000,766000,25.626424
1000000,771000,25.603543
1000000,776000,25.640660
1000000,781000,25.648101
1000000,786000,25.747533
1000000,791000,25.634560
1000000,796000,25.934295
1000000,801000,25.621230
1000000,806000,25.599914
1000000,811000,25.846800
1000000,816000,25.756217
1000000,821000,25.755926
1000000,826000,25.772445
1000000,831000,25.840988
1000000,836000,25.824321
1000000,841000,25.791602
1000000,846000,25.889392
1000000,851000,25.867774
1000000,856000,25.827009
1000000,861000,25.864042
1000000,866000,25.792243
1000000,871000,25.877184
1000000,876000,25.794370
1000000,881000,25.922007
1000000,886000,25.877670
1000000,891000,25.988587
1000000,896000,25.956273
1000000,901000,25.965230
1000000,906000,25.873887
1000000,911000,25.931107
1000000,916000,26.007951
1000000,921000,26.046225
1000000,926000,25.964670
1000000,931000,25.964712
1000000,936000,26.015055
1000000,941000,26.082918
1000000,946000,26.100238
1000000,951000,26.161243
1000000,956000,25.983282
1000000,961000,26.107651
1000000,966000,26.193849
1000000,971000,26.153217
1000000,976000,26.100457
1000000,981000,26.223176
1000000,986000,26.183325
1000000,991000,26.214677
1000000,996000,26.271526

Sequential test
200,5.040000
300,5.170000
400,5.270000
500,5.260000
600,5.320000
700,5.330000
800,5.362857
900,5.357500
1000,5.341111
1100,5.367000
1200,5.375455
1300,5.395000
1400,5.383077
1500,5.381429
1600,5.396667
1700,5.386250
1800,5.395294
1900,5.390556
2000,5.388421

Sequential test (naive)
200,50.480000
300,100.490000
400,150.493333
500,200.495000
600,250.496000
700,300.496667
800,350.497143
900,400.497500
1000,450.497778
1100,500.498000
1200,550.498182
1300,600.498333
1400,650.498462
1500,700.498571
1600,750.498667
1700,800.498750
1800,850.498824
1900,900.498889
2000,950.498947
