   1         "t+ey"    5   18.327972  16.164911  29.178930
   2         "t+uw"    6   14.016807   8.994215   7.016284
   3         "t-uw"    6    9.988674  50.931217 126.616524
   4           "ah"   22  236.875793 116.632439  40.970428
   5           "sp"  283  1251.323853
   6         "aw-s"    5   11.148527   5.890954  16.769705
   7         "ay-t"    7   46.238911  10.256364   9.198279
   8         "l+aa"    6   55.701393  12.066765  22.553764
   9         "l+ao"   11   67.339363  32.516678  27.991873
  10      "jh-ah+m"    5   25.301647  33.646027  11.785962
  11       "f-er+s"    8   22.972300  67.099289  33.514362
  12         "d+ao"    9   10.024025  15.656759  52.645157
  13       "k-ae+t"    7   96.175377  25.315727  36.049759
  14        "jh+ah"    5    8.182067  13.291076  55.997494
  15      "l-ao+ng"   11   88.234566  62.636868  64.098595
  16      "w-ih+dh"    6   58.195869  19.779612  10.449368
  17      "eh-v+iy"   12   65.292786  44.119938  76.198502
  18         "m-er"    6   10.055113  48.878620  29.445641
  19       "m-ao+l"    4   48.479160   6.711945   8.847669
  20      "eh-n+iy"    7   23.116714  11.074183   9.958187
  21       "t-eh+r"    8   64.297691  35.303162  67.018478
  22         "v-iy"   12   30.471209  18.070944  19.625675
  23      "hh-ao+r"    5    8.397828  13.652489  42.351875
  24       "s-t+eh"    8   14.041891  21.961027  25.032648
  25        "ch+eh"    5  163.389359  57.726662  77.389595
  26         "n+ow"   13   18.754007  26.749187  79.385185
  27       "t-ey+b"    5   88.925171  39.968792   6.814190
  28         "n-iy"    7   30.964613  64.904099  32.826283
  29      "hh-aw+s"    5  111.978714  61.914093 105.328064
  30       "w-ao+k"    7   75.184662  31.432970  48.501469
  31         "f+aa"    6   26.427671  53.887074  25.755226
  32         "f+er"    8   21.445047  79.293983  30.938362
  33       "w-ay+t"    7   12.193613  35.721001  91.247833
  34       "ow-l+d"   12   46.994850  47.603016  42.152351
  35       "f-r+ah"    4    8.723437   6.867213   6.089037
  36         "w+ao"    7   16.001482  70.915314  44.100269
  37         "w+ay"    7   54.782837  52.160324  12.179136
  38         "w+eh"    6   13.661654  41.861038  64.477867
  39         "w+ih"    6   20.316015  23.290987  33.819714
  40       "n-ow+b"   13   92.440804 102.585190  82.923126
  41          "f+r"    4   16.030617  30.398478  22.933746
  42          "k-t"    7   10.080735  19.475229  31.374655
  43          "l-d"   12   29.215345  22.174238  24.985548
  44          "n-d"    6    8.005402  14.011540  87.510719
  45          "n-t"    6   29.050985  14.485638  31.517975
  46       "s-m+ao"    4   16.965494   6.373646   8.505053
  47          "p-t"    5    7.355064  14.038424  24.890562
  48         "eh+n"    7   12.269893  56.473003  25.691803
  49         "eh-r"    5    4.999617   5.000827   7.789811
  50        "m-p+t"    5    5.072051   5.191434   5.479010
  51          "r-d"    8   15.176480  23.893154  19.272802
  52          "r-k"    7   52.821743  13.058020  11.871530
  53          "r-s"    5   21.273487  47.886967  47.743332
  54        "ih-dh"    6    6.150605   6.728161  17.525999
  55          "s+m"    4   10.366149  51.595116  26.033209
  56          "s+t"    8   33.888149  92.854660  44.987885
  57          "s-t"    8   12.971776  17.268295  30.412825
  58          "t+r"    2   12.402504   4.738670  26.967340
  59         "g+er"    6    7.847486  18.018589  35.054310
  60          "sil"   80  1399.750244 1251.323853 3900.784424
  61         "er-l"    6   83.924118  16.460400  20.398491
  62      "ey-b+ah"    5   15.000485  20.966246  28.985880
  63       "b-ah+l"   18   19.938114  31.139112  72.780365
  64         "ey-m"    6   47.895908  16.279537  11.009824
  65         "p+aa"   13  219.245453  54.897484  79.165688
  66      "ch-eh+r"    5    5.945794  13.901912   4.999617
  67       "f-aa+r"    6   22.939939  34.964958  17.777046
  68       "t-r+iy"    2    1.999909   2.003327   8.587907
  69       "d-ao+g"    9  136.253784  44.169884  18.991215
  70       "g-er+l"    6   23.599205  49.806271  33.001186
  71       "ao-k+t"    7   47.986782  16.138348  12.793420
  72       "l-aa+r"    6   16.576822  27.103472  16.991833
  73       "ao-r+s"    5   28.304790  27.778763  21.905081
  74       "p-aa+n"    6   42.014362  39.996662  75.964523
  75       "p-aa+r"    7   10.786953   8.384201   8.364854
  76       "k-ey+m"    6   13.628479  18.764738  99.421806
  77         "ow+l"   12   52.820213 100.826256 221.193710
  78       "r-ae+n"    8   88.386223  15.437085  24.513777
  79      "hh-eh+v"   12   62.892704  20.032463  16.109596
  80       "r-ah+m"    4    6.283181  10.605453  10.040104
  81        "ao-ng"   11   20.046034  30.667130 137.372147
  82        "hh+ao"    5    6.426812  11.127836  28.479792
  83        "hh+aw"    5   43.612705  37.762337  22.864151
  84        "hh+eh"   12  113.628860  20.256517  24.898108
  85       "ah-m+p"    5   19.263853   5.003411   9.900721
  86         "r+ae"    8   29.793312  51.691383  58.345650
  87       "w-eh+n"    6   34.634212  11.458282   7.007930
  88         "r-iy"    2    4.852189  29.238117  27.250626
  89         "r-jh"    6   23.771822  24.842859  73.260796
  90       "er-s+t"    8   38.319641  55.095642  34.586617
  91      "aa-r+jh"    6   13.622345  21.642025  12.206919
  92       "eh-n+t"    6   11.199538  14.047296  35.903976
  93       "eh-r+d"    8   22.205162  25.937136  40.041199
  94      "ow-b+ah"   13   66.192619 108.889191  30.755217
  95         "b+ay"    6    8.380357   9.837372  11.858885
  96         "b+oy"    7  122.206329  25.602438  10.006526
  97         "b-ay"    6   34.897346  51.380692  63.240387
  98         "b-oy"    7   15.066895  16.933016  13.684134
  99       "aa-n+d"    6   18.031679  16.038101  27.935959
 100         "ih-s"   11   46.302998 101.915726 104.950012
 101      "dh-ih+s"   11   43.554234  41.325302 116.563683
 102       "aa-r+k"    7    7.265362   8.855627  10.620779
 103       "aa-r+m"    6   10.644732  28.129599  11.321992
 104       "r-m+er"    6   10.187172   8.152948   7.106521
 105         "k+ae"    7   10.782736  31.814308  79.001884
 106         "k+ey"    6   11.147423  17.994686  35.999687
 107         "aa+n"    8   67.986153  38.926987  44.504959
 108         "aa-n"    8   25.388062  23.352402  46.239460
 109         "ae+n"    2    2.000000  11.229445  15.954472
 110         "ae-n"   10   21.004877  25.192953  42.153561
 111         "ae-t"   21   46.194744  27.420588  34.258217
 112      "dh-ae+t"   14  107.584137  77.593719  45.663830
 113         "ah-l"   18   40.417828  38.767044  49.553913
 114         "ah-m"    4   16.060034   7.989757  21.188612
 115        "dh+ae"   14  118.276466  43.631424  29.581610
 116        "dh+ah"   14  141.417618  51.601097  63.145023
 117        "dh+ih"   11   47.666382  17.377512  19.556000
 118        "dh-ah"   14   39.284012  33.525257  46.015888
 119         "ao-g"    9   20.325815  24.056190  19.486727
 120         "ao-l"    4   26.806755  11.139013   8.972788
